1500 0
0
1166
124
677
617
191
0
554
567
153
170
642
43
1299
1203
85
489
1491
883
95
206
41
1030
803
1220
85
768
508
206
1129
1042
642
554
120
120
1043
206
617
554
493
442
1404
642
1042
803
206
1486
1393
1100
642
642
124
153
642
803
662
508
32
662
1274
768
0
899
29
85
864
864
98
813
1220
1058
1030
98
1030
567
706
834
834
883
883
98
768
554
554
85
968
540
803
0
442
1473
153
662
508
622
677
95
98
535
57
1043
98
533
1030
768
662
662
1181
107
107
1181
1181
107
1181
206
206
206
692
692
662
960
404
153
609
123
609
864
865
803
210
1473
206
567
567
567
567
567
8
8
85
43
8
8
523
622
0
662
968
85
662
768
442
261
0
1393
790
723
67
8
803
459
790
86
768
960
790
94
677
493
1042
95
1203
0
200
85
153
85
714
540
8
124
285
782
210
508
261
43
1030
8
98
865
200
109
86
1184
94
8
74
508
566
0
1166
124
677
617
261
200
554
74
153
170
790
43
1299
1203
285
489
1491
889
95
261
41
1030
803
1220
285
768
508
261
1129
1043
790
554
120
164
1043
261
617
580
493
442
1404
790
1042
803
261
1486
1393
1100
790
790
124
153
806
1011
806
508
32
806
1274
789
200
899
29
285
864
864
98
834
1220
1058
1030
98
1030
74
706
883
883
883
883
298
789
580
580
285
968
540
1011
200
737
1473
172
806
508
622
677
95
298
535
57
1043
298
533
22
789
806
806
1181
107
111
107
1181
107
1181
261
288
288
692
692
806
960
404
153
609
123
609
864
865
1011
210
1473
288
74
74
74
74
74
132
132
285
43
132
132
523
622
200
806
968
285
818
789
442
288
200
1393
818
723
67
132
1011
459
818
86
789
960
818
94
677
493
1042
95
1203
200
6
285
172
400
714
540
132
124
400
782
210
27
288
43
22
132
298
865
6
109
86
1184
94
132
133
27
566
968
789
1024
6
1486
818
879
550
1058
789
723
818
818
22
789
736
27
489
1473
1473
418
418
418
418
418
418
418
418
419
419
419
818
703
580
6
1404
27
400
1268
133
820
782
1450
288
22
1120
22
133
41
288
400
210
1475
622
286
27
535
1120
210
5
288
5
1011
345
820
324
22
820
820
1011
1475
22
1011
1011
345
400
124
210
761
761
400
403
22
71
795
706
1120
978
345
1317
580
43
960
6
133
624
617
550
1176
1203
820
345
1120
1450
881
434
1120
493
10
210
71
400
1166
434
419
609
1039
1039
133
133
133
133
1058
703
677
708
1039
820
1299
434
71
682
1475
1100
580
505
1120
172
298
603
682
1120
702
702
703
834
26
881
550
617
6
1184
820
1120
682
10
960
603
134
391
582
889
134
95
71
118
6
10
533
345
702
702
571
571
571
571
1039
767
782
324
682
134
782
43
134
134
1312
95
1039
1039
1039
820
345
1203
736
522
752
400
921
408
921
622
682
170
459
134
1156
864
1156
10
566
566
566
566
566
857
889
6
71
345
708
134
546
345
120
1156
134
353
168
353
135
921
706
1039
677
761
1480
487
522
404
1312
921
528
3
778
778
1156
921
921
921
41
533
135
1156
531
1156
609
1166
286
459
57
1111
528
1156
899
1156
1248
1312
403
550
550
151
86
135
135
493
1475
145
1111
135
487
172
0
1248
40
93
27
881
580
836
550
893
816
1220
27
27
1219
921
135
1335
603
1335
531
531
172
135
61
857
61
703
135
1248
708
978
1299
136
56
1335
736
17
86
136
136
324
1043
603
1335
170
243
243
495
353
71
489
1335
1335
1058
442
522
442
960
960
243
5
573
622
3
487
57
40
906
978
61
487
298
298
580
459
103
1335
1184
61
353
603
243
86
609
567
531
602
1220
772
1166
391
487
865
1176
21
1176
1176
459
1248
403
487
187
187
187
187
602
531
528
403
1100
889
703
702
136
298
978
761
1166
1166
1166
535
1345
1042
528
708
136
1312
1312
602
595
61
403
1335
1176
622
528
67
528
71
353
706
1248
191
1042
702
702
170
136
353
546
353
61
243
434
978
1111
487
136
129
603
1340
752
434
136
353
1473
1176
772
1478
1393
1478
1486
404
404
730
324
540
1176
550
168
978
1475
10
137
723
5
372
1478
487
493
372
708
372
372
1478
286
794
582
170
533
61
1393
1478
706
56
1478
61
1478
243
1478
1253
1111
713
1044
1499
120
10
978
88
1499
857
602
1111
836
713
129
1499
889
137
554
1248
129
761
603
1111
978
1111
1248
528
1339
1339
1339
1339
761
1499
71
603
168
1499
899
713
172
172
172
173
173
187
1111
243
1499
372
1024
170
1475
702
1499
602
703
703
703
737
505
832
889
889
889
403
434
901
901
901
901
901
533
137
88
1499
243
137
1024
56
582
713
767
56
88
495
713
602
1058
582
137
723
550
1044
324
782
137
1486
767
3
767
767
372
1160
834
11
879
864
1160
324
324
713
1491
1491
752
865
1160
535
11
372
124
11
713
7
137
1160
11
120
1248
812
88
11
1100
372
829
767
1184
713
130
373
1296
1024
130
56
56
535
373
178
441
441
441
441
441
11
1296
11
761
73
1296
73
391
11
595
829
170
3
373
373
829
1024
73
602
602
137
31
31
73
73
73
73
73
103
103
456
1404
654
456
456
899
31
138
3
813
813
1160
782
737
767
442
31
654
752
120
324
752
173
540
1160
31
138
832
1176
373
138
168
456
138
535
1296
3
813
813
813
1058
752
31
531
1299
1299
752
805
765
765
708
782
950
1160
173
832
1042
31
805
31
1296
138
654
1296
654
129
761
191
103
883
42
1043
1160
1164
94
1164
768
404
1475
531
42
42
778
535
103
41
708
954
751
88
42
456
138
723
901
901
901
968
138
682
751
489
1058
1181
495
107
857
107
373
736
832
1203
102
173
286
1450
138
1486
1486
1486
404
968
751
286
141
1164
88
829
751
1312
954
751
141
1164
15
751
595
1164
1296
566
373
493
1044
88
1164
286
391
141
708
752
90
1296
42
893
881
1480
834
834
834
1024
1164
1404
1159
692
692
692
373
57
141
141
723
531
42
88
454
968
408
1473
141
434
141
120
1100
533
1480
10
41
145
829
459
141
332
42
21
767
1480
1164
736
751
42
1203
1393
654
654
49
533
142
49
737
49
49
49
49
49
49
50
1207
1207
1220
540
706
813
459
617
692
1207
142
736
1299
573
142
408
829
391
706
406
3
654
50
103
617
33
50
1299
419
792
434
751
142
1024
145
50
50
805
391
168
1480
456
528
145
798
145
954
286
130
595
145
1024
1100
103
142
142
142
142
158
158
158
158
158
158
158
158
179
179
179
179
179
179
179
179
188
188
188
188
188
188
188
188
196
196
196
196
196
196
196
196
197
197
197
197
197
197
1480
21
50
56
881
5
489
1100
197
798
173
798
197
56
50
10
93
829
829
577
577
813
403
208
86
1393
50
53
609
881
1207
208
173
737
208
208
1207
1207
456
53
173
191
208
191
1207
208
208
53
53
208
1207
1339
191
274
191
53
274
274
391
53
865
682
53
53
145
274
1339
274
881
145
55
893
1339
286
1339
55
403
55
1475
274
274
55
1480
1220
687
274
682
1043
332
642
737
540
881
832
55
3
103
954
798
168
723
404
456
865
391
191
1480
57
332
654
642
